2 9
2 105
2 119
2 140
2 166
2 170
3 4
3 7
3 111
3 125
3 217
3 231
3 290
3 443
3 598
3 633
4 3
4 72
4 111
4 125
4 128
4 598
5 16
5 17
5 41
5 110
5 141
5 165
5 175
5 227
5 368
7 3
7 8
7 65
7 70
7 72
7 75
7 125
7 128
7 160
7 228
7 324
7 335
7 361
7 485
7 491
7 532
8 7
8 72
8 125
8 128
8 231
8 335
8 398
8 761
9 2
9 12
9 49
9 104
9 105
9 145
9 164
9 166
9 170
10 32
10 80
10 83
10 103
10 116
10 147
10 294
10 598
11 45
11 65
11 72
11 85
11 90
11 102
11 124
11 128
11 156
11 172
11 176
11 193
11 204
11 266
11 275
11 311
11 319
11 327
11 350
11 361
11 389
11 408
11 411
11 443
11 487
11 543
11 598
11 630
12 9
12 34
12 40
12 43
12 47
12 104
12 105
12 112
12 147
12 160
12 161
12 166
12 232
12 276
12 299
12 325
12 347
12 377
12 384
12 430
12 538
12 542
12 595
12 646
12 743
13 27
13 29
13 30
13 38
13 66
13 73
13 80
13 85
13 87
13 94
13 98
13 99
13 119
13 131
13 133
13 137
13 171
13 272
13 279
13 282
13 288
13 291
13 300
13 303
13 311
13 313
13 347
13 352
13 358
13 359
13 360
13 364
13 372
13 389
13 395
13 562
13 570
13 593
13 602
13 605
13 632
13 662
13 690
13 746
16 5
16 36
16 41
16 69
16 109
16 154
16 176
16 228
16 336
17 5
17 21
17 51
17 60
17 92
17 156
17 158
17 167
17 180
17 187
17 389
17 440
18 19
18 39
18 431
18 476
18 582
18 608
19 18
19 35
19 39
19 82
19 146
19 231
19 416
19 476
19 582
20 126
21 17
21 39
21 73
21 146
21 231
22 43
22 56
22 71
22 101
22 128
22 146
22 183
22 231
22 300
22 301
22 341
22 347
22 363
22 423
22 438
22 459
22 473
23 36
23 49
23 57
23 94
23 150
23 336
23 376
23 492
23 616
24 70
24 79
24 132
24 273
24 287
24 292
24 307
24 309
24 326
24 484
24 491
24 751
24 758
24 770
24 776
25 26
25 36
25 61
25 62
25 144
26 25
26 61
26 62
26 90
26 113
26 144
27 13
27 133
29 13
29 52
29 61
29 70
29 74
29 75
29 85
29 90
29 91
29 100
29 121
29 132
29 155
29 166
29 228
29 229
29 265
29 293
29 295
29 299
29 300
29 363
29 370
29 407
29 421
29 441
29 447
29 532
29 551
29 552
29 570
29 642
29 646
30 13
30 33
30 42
30 80
30 81
30 85
30 122
30 132
30 170
30 171
30 199
30 602
31 76
31 91
31 103
31 347
31 598
32 10
32 65
32 69
32 78
32 83
32 95
33 30
33 52
33 64
33 81
33 84
33 97
33 108
33 121
33 144
33 145
33 155
33 156
33 162
33 170
33 171
33 181
33 183
34 12
34 40
34 85
34 104
34 105
34 147
34 160
34 166
34 176
34 265
34 299
34 347
34 646
35 19
35 82
35 121
35 157
35 234
35 582
36 16
36 23
36 25
36 71
36 165
36 176
36 198
36 336
36 372
36 544
36 587
38 13
38 87
38 133
38 146
39 18
39 19
39 21
39 45
39 146
39 275
39 348
39 377
39 476
39 598
40 12
40 34
40 43
40 56
40 61
40 75
40 104
40 105
40 112
40 134
40 141
40 160
40 165
40 166
40 170
40 265
40 267
40 276
40 299
40 325
40 347
40 356
40 361
40 384
40 411
40 487
40 646
40 747
41 5
41 16
41 94
41 119
41 175
41 219
42 30
42 85
42 99
42 122
42 132
42 133
42 360
43 12
43 22
43 40
43 88
43 104
43 105
43 112
43 166
43 299
43 325
43 347
44 45
44 146
44 267
44 704
45 11
45 39
45 44
45 56
45 82
45 90
45 96
45 176
45 231
45 263
45 266
45 309
45 317
45 487
45 622
45 653
47 12
47 163
47 180
47 183
47 199
47 271
47 304
48 154
48 315
48 659
49 9
49 23
49 57
49 71
49 101
49 150
49 159
49 176
49 198
49 319
49 355
49 536
49 607
49 653
49 699
50 98
50 131
50 143
51 17
51 57
51 88
51 114
51 123
52 29
52 33
52 61
52 74
52 95
52 100
52 107
52 342
54 57
54 64
54 77
54 91
54 92
54 95
54 107
54 450
56 22
56 40
56 45
56 74
56 94
56 103
56 177
56 194
56 228
56 231
56 294
56 311
57 23
57 49
57 51
57 54
57 94
57 150
57 176
57 177
57 228
57 232
57 371
59 160
59 216
60 17
60 92
60 140
60 167
60 187
60 218
60 536
60 620
61 25
61 26
61 29
61 40
61 52
61 62
61 70
61 74
61 75
61 77
61 90
61 91
61 107
61 128
61 266
61 267
61 285
61 293
61 319
61 342
61 349
61 370
61 487
61 551
62 25
62 26
62 61
62 75
62 91
62 103
62 144
62 156
62 349
63 70
63 75
63 77
63 114
63 140
63 183
63 229
64 33
64 54
64 77
64 114
64 140
64 229
64 230
65 7
65 11
65 32
65 95
65 193
65 204
65 347
66 13
66 85
66 98
66 99
66 100
66 133
66 139
66 279
66 600
69 16
69 32
69 78
69 145
69 439
70 7
70 24
70 29
70 61
70 63
70 75
70 90
70 128
70 155
70 229
70 267
70 307
70 324
70 335
70 361
70 375
70 392
70 443
70 451
70 487
70 491
70 496
70 565
70 603
70 663
71 22
71 36
71 49
71 89
71 94
71 159
71 176
71 177
71 264
71 300
71 355
71 423
71 536
71 653
71 774
72 4
72 7
72 8
72 11
72 172
72 598
73 13
73 21
73 80
73 272
73 296
73 323
73 331
73 480
73 637
74 29
74 52
74 56
74 61
74 100
74 155
74 230
74 342
75 7
75 29
75 40
75 61
75 62
75 63
75 70
75 77
75 90
75 91
75 103
75 166
75 183
75 267
75 273
75 284
75 285
75 293
75 299
75 335
75 342
75 349
75 363
75 365
75 408
75 481
75 483
75 552
75 577
75 646
76 31
76 91
76 100
76 115
76 598
77 54
77 61
77 63
77 64
77 75
77 90
77 114
77 124
77 194
77 229
77 265
77 296
77 378
77 424
77 474
78 32
78 69
78 109
78 145
78 165
79 24
79 151
79 422
79 552
80 10
80 13
80 30
80 73
80 85
80 92
80 103
80 122
80 132
80 147
80 166
80 200
81 30
81 33
81 145
81 170
81 231
81 698
82 19
82 35
82 45
83 10
83 32
83 97
83 103
83 116
83 232
83 300
83 327
83 367
84 33
84 97
84 162
84 181
85 11
85 13
85 29
85 30
85 34
85 42
85 66
85 80
85 94
85 98
85 99
85 100
85 102
85 122
85 131
85 132
85 133
85 141
85 165
85 171
85 172
85 176
85 178
85 200
85 309
85 327
85 398
85 487
85 584
85 706
86 140
86 172
86 193
87 13
87 38
87 133
87 141
87 336
88 43
88 51
88 123
89 71
89 98
89 234
89 300
90 11
90 26
90 29
90 45
90 61
90 70
90 75
90 77
90 91
90 103
90 128
90 144
90 183
90 229
90 263
90 273
90 284
90 285
90 293
90 295
90 314
90 317
90 319
90 320
90 342
90 349
90 365
90 379
90 383
90 387
90 388
90 389
90 396
90 403
90 407
90 408
90 411
90 421
90 425
90 433
90 441
90 443
90 474
90 477
90 481
90 483
90 487
90 543
90 546
90 551
90 555
90 567
90 575
90 590
90 594
90 612
90 622
90 654
90 667
90 704
90 761
91 29
91 31
91 54
91 61
91 62
91 75
91 76
91 90
91 107
91 121
91 144
91 156
91 229
92 17
92 54
92 60
92 80
92 163
92 167
92 187
92 218
92 231
92 643
94 13
94 23
94 41
94 56
94 71
94 85
94 98
94 119
94 121
94 137
94 165
94 171
94 216
94 219
94 265
94 292
94 300
94 301
94 303
94 312
94 347
94 349
94 371
94 372
94 384
94 405
94 442
94 444
94 489
95 32
95 52
95 54
95 65
95 107
95 140
96 45
96 210
96 231
96 376
96 691
97 33
97 83
97 84
97 412
97 541
97 594
98 13
98 50
98 66
98 85
98 89
98 94
98 99
98 100
98 119
98 171
98 219
98 291
98 371
99 13
99 42
99 66
99 85
99 98
99 133
99 139
100 29
100 52
100 66
100 74
100 76
100 85
100 98
100 132
100 141
100 165
100 171
100 230
101 22
101 49
101 150
101 159
101 195
101 271
101 394
102 11
102 85
102 140
102 141
102 144
102 146
102 165
102 172
102 175
102 176
102 227
102 443
102 487
102 543
103 10
103 31
103 56
103 62
103 75
103 80
103 83
103 90
103 113
103 353
103 425
104 9
104 12
104 34
104 40
104 43
104 112
104 132
104 170
104 276
104 299
104 325
104 347
105 2
105 9
105 12
105 34
105 40
105 43
105 134
105 166
105 170
105 265
105 276
105 299
105 325
105 347
105 542
105 646
107 52
107 54
107 61
107 91
107 95
107 114
107 229
107 450
108 33
108 183
108 293
108 296
108 342
109 16
109 78
109 145
109 154
109 170
109 228
110 5
110 141
110 165
110 170
110 175
110 227
110 382
111 3
111 4
111 124
111 125
111 232
111 598
111 633
112 12
112 40
112 43
112 104
112 299
113 26
113 103
113 124
113 144
113 155
113 181
113 540
113 553
113 640
113 704
114 51
114 63
114 64
114 77
114 107
114 116
114 124
114 126
114 144
114 285
114 296
114 483
115 76
115 153
115 159
115 195
116 10
116 83
116 114
116 301
116 391
118 128
118 290
118 292
118 295
118 357
118 375
118 386
118 390
118 399
118 633
119 2
119 13
119 41
119 94
119 98
119 162
119 219
121 29
121 33
121 35
121 91
121 94
121 141
121 155
121 216
122 30
122 42
122 80
122 85
122 132
122 137
122 170
122 219
122 291
122 769
123 51
123 88
123 159
123 340
123 422
123 552
124 11
124 77
124 111
124 113
124 114
124 155
124 232
124 273
124 296
124 353
124 483
125 3
125 4
125 7
125 8
125 111
125 128
125 172
125 217
125 229
125 290
125 375
125 487
125 598
125 633
126 20
126 114
127 566
127 584
127 658
128 4
128 7
128 8
128 11
128 22
128 61
128 70
128 90
128 118
128 125
128 204
128 299
128 309
128 335
128 347
128 361
128 378
128 398
128 488
128 557
128 568
128 582
128 608
128 615
128 631
128 651
128 663
128 741
128 763
128 781
131 13
131 50
131 85
131 132
131 137
131 143
131 171
132 24
132 29
132 30
132 42
132 80
132 85
132 100
132 104
132 122
132 131
132 143
132 227
133 13
133 27
133 38
133 42
133 66
133 85
133 87
133 99
133 139
133 360
134 40
134 105
134 166
134 170
134 299
134 347
135 265
135 325
135 538
135 643
135 646
135 655
135 691
137 13
137 94
137 122
137 131
137 171
137 364
139 66
139 99
139 133
140 2
140 60
140 63
140 64
140 86
140 95
140 102
140 229
140 390
141 5
141 40
141 85
141 87
141 100
141 102
141 110
141 121
141 165
141 171
141 175
141 227
141 336
143 50
143 131
143 132
143 171
144 25
144 26
144 33
144 62
144 90
144 91
144 102
144 113
144 114
144 155
144 156
144 172
144 266
144 275
144 350
144 361
144 365
144 389
144 408
144 443
144 487
144 663
145 9
145 33
145 69
145 78
145 81
145 109
145 164
145 170
145 232
146 19
146 21
146 22
146 38
146 39
146 44
146 102
146 147
146 198
146 210
146 231
147 10
147 12
147 34
147 80
147 146
150 23
150 49
150 57
150 101
150 176
151 79
151 584
151 662
152 231
152 260
152 263
152 330
152 416
152 475
152 476
153 115
153 159
153 195
154 16
154 48
154 109
154 228
154 315
154 363
154 777
155 29
155 33
155 70
155 74
155 113
155 121
155 124
155 144
155 170
156 11
156 17
156 33
156 62
156 91
156 144
156 408
156 411
157 35
157 234
158 17
158 199
158 228
159 49
159 71
159 101
159 115
159 123
159 153
159 195
159 199
159 264
159 283
159 300
159 304
159 308
159 333
159 410
159 449
159 451
159 536
159 544
159 574
159 598
159 644
159 737
159 748
159 769
159 774
160 7
160 12
160 34
160 40
160 59
160 216
160 376
160 437
160 643
160 695
160 707
160 747
160 757
160 778
160 783
161 12
161 347
162 33
162 84
162 119
163 47
163 92
163 180
163 194
163 199
164 9
164 145
164 166
164 170
164 265
164 276
164 298
164 299
164 325
164 329
165 5
165 36
165 40
165 78
165 85
165 94
165 100
165 102
165 110
165 141
165 171
165 175
165 227
165 388
165 584
166 2
166 9
166 12
166 29
166 34
166 40
166 43
166 75
166 80
166 105
166 134
166 164
166 170
166 265
166 276
166 299
166 310
166 325
166 329
166 347
166 363
166 384
166 401
166 542
166 552
166 570
166 642
166 646
167 17
167 60
167 92
167 187
167 199
170 2
170 9
170 30
170 33
170 40
170 81
170 104
170 105
170 109
170 110
170 122
170 134
170 145
170 155
170 164
170 166
170 171
170 199
170 231
170 347
170 698
171 13
171 30
171 33
171 85
171 94
171 98
171 100
171 131
171 137
171 141
171 143
171 165
171 170
171 199
171 698
172 11
172 72
172 85
172 86
172 102
172 125
172 144
172 176
172 266
172 423
172 443
172 487
172 598
173 295
173 352
173 364
173 372
173 400
173 584
175 5
175 41
175 102
175 110
175 141
175 165
175 227
176 11
176 16
176 34
176 36
176 45
176 49
176 57
176 71
176 85
176 102
176 150
176 172
176 266
176 327
176 408
176 487
176 543
176 584
176 630
176 663
177 56
177 57
177 71
177 194
177 228
178 85
178 183
178 320
178 353
179 323
179 452
179 665
180 17
180 47
180 163
181 33
181 84
181 113
181 230
181 349
183 22
183 33
183 47
183 63
183 75
183 90
183 108
183 178
183 273
183 320
183 418
183 450
187 17
187 60
187 92
187 167
187 218
193 11
193 65
193 86
193 204
194 56
194 77
194 163
194 177
194 198
195 101
195 115
195 153
195 159
195 304
195 334
198 36
198 49
198 146
198 194
198 232
199 30
199 47
199 158
199 159
199 163
199 167
199 170
199 171
199 431
199 602
200 80
200 85
204 11
204 65
204 128
204 193
210 96
210 146
216 59
216 94
216 121
216 160
216 231
217 3
217 125
217 231
217 633
218 60
218 92
218 187
219 41
219 94
219 98
219 119
219 122
227 5
227 102
227 110
227 132
227 141
227 165
227 175
228 7
228 16
228 29
228 56
228 57
228 109
228 154
228 158
228 177
228 232
228 312
228 342
228 479
229 29
229 63
229 64
229 70
229 77
229 90
229 91
229 107
229 125
229 140
230 64
230 74
230 100
230 181
231 3
231 8
231 19
231 21
231 22
231 45
231 56
231 81
231 92
231 96
231 146
231 152
231 170
231 216
231 217
231 487
231 582
231 651
231 741
232 12
232 57
232 83
232 111
232 124
232 145
232 198
232 228
232 551
234 35
234 89
234 157
234 263
234 275
258 404
258 475
260 152
260 263
260 269
260 476
263 45
263 90
263 152
263 234
263 260
263 266
263 267
263 269
263 275
263 280
263 307
263 309
263 361
263 416
263 431
263 440
263 444
263 476
263 582
263 622
263 653
264 71
264 159
264 266
265 29
265 34
265 40
265 77
265 94
265 105
265 135
265 164
265 166
265 276
265 298
265 299
265 307
265 310
265 313
265 325
265 347
265 384
265 431
265 538
265 542
265 646
265 655
265 688
265 691
265 772
266 11
266 45
266 61
266 144
266 172
266 176
266 263
266 264
266 275
266 289
266 327
266 338
266 350
266 361
266 367
266 389
266 408
266 411
266 443
266 487
266 584
266 653
266 663
267 40
267 44
267 61
267 70
267 75
267 263
267 307
267 309
267 319
267 324
267 335
267 361
267 410
267 443
267 487
267 497
267 704
269 260
269 263
269 377
269 380
269 416
269 440
269 475
269 582
269 608
269 642
271 47
271 101
271 304
271 333
271 334
271 406
272 13
272 73
272 279
272 282
272 319
272 331
272 368
272 480
273 24
273 75
273 90
273 124
273 183
273 285
273 303
273 319
273 342
273 365
273 418
273 478
273 480
273 483
273 577
273 590
273 614
273 635
273 654
275 11
275 39
275 144
275 234
275 263
275 266
275 319
275 348
275 377
275 408
275 411
275 443
275 446
275 476
275 487
275 543
275 598
275 630
275 653
276 12
276 40
276 104
276 105
276 164
276 166
276 265
276 298
276 299
276 310
276 325
276 329
276 347
276 384
276 498
276 538
276 542
276 646
276 671
276 691
277 305
277 320
277 368
277 381
277 405
277 487
278 281
278 426
278 431
278 451
279 13
279 66
279 272
279 303
279 313
279 322
279 337
279 358
279 360
279 364
279 389
279 570
279 685
280 263
280 357
280 394
281 278
281 283
281 297
281 403
281 431
281 449
282 13
282 272
282 336
282 352
282 359
282 605
282 690
283 159
283 281
283 331
283 548
283 792
284 75
284 90
284 349
284 396
284 408
284 477
284 481
285 61
285 75
285 90
285 114
285 273
285 296
285 319
285 342
285 353
285 418
285 474
285 481
285 483
285 601
285 620
286 368
286 437
287 24
287 307
287 309
287 326
287 380
287 398
287 399
287 416
287 484
287 770
288 13
288 303
288 311
288 313
288 358
288 360
288 372
288 389
288 391
288 447
289 266
289 350
289 367
290 3
290 118
290 125
290 292
290 335
290 375
290 386
290 390
290 399
290 600
290 633
291 13
291 98
291 122
291 364
291 389
291 597
292 24
292 94
292 118
292 290
292 307
292 350
292 375
292 386
292 390
292 399
292 406
292 444
292 535
292 596
292 633
293 29
293 61
293 75
293 90
293 108
293 342
293 407
293 417
293 418
293 421
293 441
293 551
293 611
293 686
294 10
294 56
294 343
294 479
295 29
295 90
295 118
295 173
295 296
295 297
295 310
295 320
295 342
295 356
295 365
295 383
295 408
295 417
296 73
296 77
296 108
296 114
296 124
296 285
296 295
296 331
296 342
296 353
296 382
296 425
296 474
296 483
296 616
296 672
297 281
297 295
297 403
297 536
297 545
298 164
298 265
298 276
298 299
299 12
299 29
299 34
299 40
299 43
299 75
299 104
299 105
299 112
299 128
299 134
299 164
299 166
299 265
299 276
299 298
299 310
299 325
299 347
299 363
299 384
299 416
299 538
299 542
299 552
299 573
299 582
299 618
299 646
299 691
299 698
299 757
300 13
300 22
300 29
300 71
300 83
300 89
300 94
300 159
300 342
300 367
300 418
300 423
300 536
300 589
300 653
300 669
300 689
300 699
300 759
301 22
301 94
301 116
301 343
301 363
301 412
301 429
303 13
303 94
303 273
303 279
303 288
303 306
303 311
303 313
303 337
303 343
303 358
303 360
303 372
303 389
303 447
303 570
304 47
304 159
304 195
304 271
304 308
304 373
304 431
304 451
304 574
304 668
304 784
305 277
305 344
305 366
305 368
305 381
305 405
305 441
305 442
306 303
306 313
306 358
306 360
307 24
307 70
307 263
307 265
307 267
307 287
307 292
307 309
307 324
307 361
307 392
307 398
307 488
307 491
307 496
308 159
308 304
308 321
308 406
308 545
309 24
309 45
309 85
309 128
309 263
309 267
309 287
309 307
309 317
309 335
309 361
309 398
309 443
309 458
309 487
309 488
309 584
309 605
309 622
309 653
309 706
310 166
310 265
310 276
310 295
310 299
310 325
310 329
310 356
310 383
310 384
310 408
311 11
311 13
311 56
311 288
311 303
311 313
311 358
311 360
311 372
311 389
311 391
311 408
311 447
311 562
311 662
312 94
312 228
312 363
312 372
312 376
312 439
312 459
313 13
313 265
313 279
313 288
313 303
313 306
313 311
313 358
313 360
313 364
313 372
313 391
313 447
313 570
313 601
314 90
314 342
314 408
315 48
315 154
315 343
315 487
317 45
317 90
317 309
317 330
317 379
317 403
317 489
317 627
317 704
318 364
318 427
319 11
319 49
319 61
319 90
319 267
319 272
319 273
319 275
319 285
319 327
319 335
319 342
319 347
319 349
319 361
319 387
319 396
319 408
319 411
319 444
319 477
319 481
319 543
320 90
320 178
320 183
320 277
320 295
320 342
320 349
320 396
320 418
320 487
321 308
321 406
322 279
322 701
323 73
323 179
324 7
324 70
324 267
324 307
324 335
324 361
324 443
324 485
324 497
324 543
325 12
325 40
325 43
325 104
325 105
325 135
325 164
325 166
325 265
325 276
325 299
325 310
325 329
325 347
325 356
325 401
325 410
325 419
325 498
325 538
325 542
325 582
325 643
325 646
325 774
325 791
325 792
326 24
326 287
326 375
326 484
327 11
327 83
327 85
327 176
327 266
327 319
327 350
327 361
327 408
327 411
327 443
327 487
329 164
329 166
329 276
329 310
329 325
329 384
329 401
329 430
330 152
330 317
330 366
330 403
330 408
330 489
330 704
331 73
331 272
331 283
331 296
331 336
331 352
331 359
331 381
331 403
331 480
333 159
333 271
333 334
333 451
333 493
334 195
334 271
334 333
334 371
334 373
334 418
334 431
334 449
334 451
334 493
335 7
335 8
335 70
335 75
335 128
335 267
335 290
335 309
335 319
335 324
335 361
335 443
335 532
335 565
335 603
335 758
336 16
336 23
336 36
336 87
336 141
336 282
336 331
336 359
336 372
336 408
336 575
336 691
337 279
337 303
338 266
338 350
338 706
340 123
340 404
340 408
340 552
341 22
341 411
341 438
341 473
342 52
342 61
342 74
342 75
342 90
342 108
342 228
342 273
342 285
342 293
342 295
342 296
342 300
342 314
342 319
342 320
342 353
342 388
342 418
342 433
342 450
342 483
342 551
342 763
342 772
342 783
343 294
343 301
343 303
343 315
343 438
343 439
343 487
344 305
344 347
344 368
344 430
344 437
347 12
347 13
347 22
347 31
347 34
347 40
347 43
347 65
347 94
347 104
347 105
347 128
347 134
347 161
347 166
347 170
347 265
347 276
347 299
347 319
347 325
347 344
347 377
347 389
347 542
347 573
347 598
347 646
347 691
347 707
347 757
347 783
348 39
348 275
348 365
348 377
348 476
349 61
349 62
349 75
349 90
349 94
349 181
349 284
349 319
349 320
349 387
349 396
349 398
349 404
349 408
349 411
349 418
349 421
349 427
349 444
349 450
349 477
349 481
349 489
349 546
349 577
350 11
350 144
350 266
350 289
350 292
350 327
350 338
350 361
350 411
350 443
350 487
350 584
350 663
352 13
352 173
352 282
352 331
352 364
352 389
353 103
353 124
353 178
353 285
353 296
353 342
353 382
353 425
353 474
353 483
354 374
354 424
354 543
355 49
355 71
355 536
356 40
356 295
356 310
356 325
356 569
356 646
357 118
357 280
357 415
357 416
358 13
358 279
358 288
358 303
358 306
358 311
358 313
358 372
358 389
358 690
358 787
359 13
359 282
359 331
359 336
359 480
360 13
360 42
360 133
360 279
360 288
360 303
360 306
360 311
360 313
360 372
360 389
360 746
361 7
361 11
361 40
361 70
361 128
361 144
361 263
361 266
361 267
361 307
361 309
361 319
361 324
361 327
361 335
361 350
361 408
361 411
361 443
361 444
361 485
361 487
361 491
361 584
361 663
362 373
362 378
362 479
362 497
363 22
363 29
363 75
363 154
363 166
363 299
363 301
363 312
363 409
363 411
363 412
363 439
363 487
363 552
363 586
363 608
363 609
363 630
363 642
363 701
364 13
364 137
364 173
364 279
364 291
364 313
364 318
364 352
364 487
365 75
365 90
365 144
365 273
365 295
365 348
365 389
365 408
365 483
365 575
366 305
366 330
366 403
366 442
367 83
367 266
367 289
367 300
367 423
368 5
368 272
368 277
368 286
368 305
368 344
368 405
370 29
370 61
370 407
370 421
370 441
371 57
371 94
371 98
371 334
371 444
371 449
371 454
372 13
372 36
372 94
372 173
372 288
372 303
372 311
372 312
372 313
372 336
372 358
372 360
372 389
372 447
372 746
373 304
373 334
373 362
373 451
373 493
374 354
374 424
374 449
374 454
375 70
375 118
375 125
375 290
375 292
375 326
375 386
375 390
375 399
375 633
376 23
376 96
376 160
376 312
377 12
377 39
377 269
377 275
377 347
377 348
377 378
377 384
377 404
377 476
377 500
378 77
378 128
378 362
378 377
378 497
379 90
379 317
379 396
379 403
379 480
379 489
380 269
380 287
380 415
380 416
380 630
381 277
381 305
381 331
381 405
382 110
382 296
382 353
382 422
382 425
383 90
383 295
383 310
383 388
384 12
384 40
384 94
384 166
384 265
384 276
384 299
384 310
384 329
384 377
384 401
384 542
386 118
386 290
386 292
386 375
386 390
386 399
386 406
386 427
386 633
387 90
387 319
387 349
387 408
387 477
387 481
388 90
388 165
388 342
388 383
389 11
389 13
389 17
389 90
389 144
389 266
389 279
389 288
389 291
389 303
389 311
389 347
389 352
389 358
389 360
389 365
389 372
389 444
389 450
389 487
389 570
389 653
389 662
390 118
390 140
390 290
390 292
390 375
390 386
390 399
390 406
390 633
391 116
391 288
391 311
391 313
391 447
392 70
392 307
392 491
392 496
394 101
394 280
394 410
395 13
395 605
395 687
396 90
396 284
396 319
396 320
396 349
396 379
396 489
398 8
398 85
398 128
398 287
398 307
398 309
398 349
398 399
398 415
398 416
398 458
398 488
398 491
398 496
399 118
399 287
399 290
399 292
399 375
399 386
399 390
399 398
399 406
399 415
399 416
399 633
400 173
400 606
400 626
400 640
400 648
400 660
401 166
401 325
401 329
401 384
402 539
402 580
402 582
402 608
402 631
402 663
403 90
403 281
403 297
403 317
403 330
403 331
403 366
403 379
403 489
403 704
404 258
404 340
404 349
404 377
405 94
405 277
405 305
405 368
405 381
405 441
405 442
406 271
406 292
406 308
406 321
406 386
406 390
406 399
406 427
406 633
407 29
407 90
407 293
407 370
407 441
407 791
408 11
408 75
408 90
408 144
408 156
408 176
408 266
408 275
408 284
408 295
408 310
408 311
408 314
408 319
408 327
408 330
408 336
408 340
408 349
408 361
408 365
408 387
408 411
408 443
408 477
408 481
408 487
408 543
408 577
408 603
408 630
409 363
409 411
409 412
410 159
410 267
410 325
410 394
411 11
411 40
411 90
411 156
411 266
411 275
411 319
411 327
411 341
411 349
411 350
411 361
411 363
411 408
411 409
411 412
411 443
411 487
411 543
411 577
411 586
411 630
411 642
411 646
412 97
412 301
412 363
412 409
412 411
412 487
412 562
412 586
412 698
415 357
415 380
415 398
415 399
415 416
415 440
416 19
416 152
416 263
416 269
416 287
416 299
416 357
416 380
416 398
416 399
416 415
416 427
416 440
416 458
416 500
417 293
417 295
417 633
418 183
418 273
418 285
418 293
418 300
418 320
418 334
418 342
418 349
418 423
418 433
418 450
418 474
418 483
419 325
419 498
421 29
421 90
421 293
421 349
421 370
422 79
422 123
422 382
422 552
422 761
423 22
423 71
423 172
423 300
423 367
423 418
423 579
423 774
424 77
424 354
424 374
424 449
424 454
425 90
425 103
425 296
425 353
425 382
425 474
425 483
426 278
426 431
426 493
427 318
427 349
427 386
427 406
427 416
427 500
429 301
429 435
429 487
430 12
430 329
430 344
430 484
431 18
431 199
431 263
431 265
431 278
431 281
431 304
431 334
431 426
431 451
431 454
431 476
433 90
433 342
433 418
433 450
433 474
435 429
435 487
437 160
437 286
437 344
438 22
438 341
438 343
438 473
439 69
439 312
439 343
439 363
439 487
440 17
440 263
440 269
440 415
440 416
441 29
441 90
441 293
441 305
441 370
441 405
441 407
441 442
442 94
442 305
442 366
442 405
442 441
442 478
442 480
443 3
443 11
443 70
443 90
443 102
443 144
443 172
443 266
443 267
443 275
443 309
443 324
443 327
443 335
443 350
443 361
443 408
443 411
443 444
443 484
443 487
443 488
443 491
443 543
443 596
444 94
444 263
444 292
444 319
444 349
444 361
444 371
444 389
444 443
444 449
444 454
444 475
444 577
444 584
446 275
446 476
447 29
447 288
447 303
447 311
447 313
447 372
447 391
449 159
449 281
449 334
449 371
449 374
449 424
449 444
449 648
450 54
450 107
450 183
450 342
450 349
450 389
450 418
450 433
451 70
451 159
451 278
451 304
451 333
451 334
451 373
451 431
451 648
451 658
452 179
452 665
454 371
454 374
454 424
454 431
454 444
458 309
458 398
458 416
459 22
459 312
462 611
473 22
473 341
473 438
474 77
474 90
474 285
474 296
474 353
474 418
474 425
474 433
474 541
475 152
475 258
475 269
475 444
476 18
476 19
476 39
476 152
476 260
476 263
476 275
476 348
476 377
476 431
476 446
476 582
477 90
477 284
477 319
477 349
477 387
477 408
477 481
478 273
478 442
479 228
479 294
479 362
479 485
480 73
480 272
480 273
480 331
480 359
480 379
480 442
480 690
481 75
481 90
481 284
481 285
481 319
481 349
481 387
481 408
481 477
483 75
483 90
483 114
483 124
483 273
483 285
483 296
483 342
483 353
483 365
483 418
483 425
483 620
483 622
484 24
484 287
484 326
484 430
484 443
484 656
485 7
485 324
485 361
487 11
487 40
487 45
487 61
487 70
487 85
487 90
487 102
487 125
487 144
487 172
487 176
487 231
487 266
487 267
487 275
487 277
487 309
487 315
487 320
487 327
487 343
487 350
487 361
487 363
487 364
487 389
487 408
487 411
487 412
487 429
487 435
487 439
487 443
487 584
487 605
487 653
487 663
487 706
488 128
488 307
488 309
488 398
488 443
489 94
489 317
489 330
489 349
489 379
489 396
489 403
491 7
491 24
491 70
491 307
491 361
491 392
491 398
491 443
491 496
492 23
492 542
492 551
492 573
492 616
492 698
493 333
493 334
493 373
493 426
496 70
496 307
496 392
496 398
496 491
497 267
497 324
497 362
497 378
498 276
498 325
498 419
500 377
500 416
500 427
532 7
532 29
532 335
535 292
535 596
535 615
536 49
536 60
536 71
536 159
536 297
536 300
536 355
536 544
536 552
536 562
536 569
536 579
536 589
536 605
536 607
536 613
536 653
536 660
536 668
536 669
536 699
536 769
536 774
537 543
537 761
537 764
538 12
538 135
538 265
538 276
538 299
538 325
538 643
538 646
538 691
539 402
539 608
540 113
540 553
540 575
540 581
541 97
541 474
541 604
541 688
541 695
541 707
541 781
542 12
542 105
542 166
542 265
542 276
542 299
542 325
542 347
542 384
542 492
543 11
543 90
543 102
543 176
543 275
543 319
543 324
543 354
543 408
543 411
543 443
543 537
543 564
543 577
543 584
543 630
544 36
544 159
544 536
544 545
544 574
544 644
544 645
544 648
544 660
544 668
544 782
545 297
545 308
545 544
545 626
545 648
545 668
545 782
546 90
546 349
546 564
546 612
546 667
548 283
548 744
548 764
548 765
548 792
549 553
549 659
551 29
551 61
551 90
551 232
551 293
551 342
551 492
551 567
551 622
552 29
552 75
552 79
552 123
552 166
552 299
552 340
552 363
552 422
552 536
552 570
552 587
552 589
552 602
552 627
552 631
552 642
552 659
552 770
553 113
553 540
553 549
553 555
553 659
554 562
554 569
554 600
554 602
554 605
554 610
554 632
555 90
555 553
555 606
555 694
555 783
556 602
556 632
556 691
557 128
557 676
559 645
559 668
559 702
561 569
561 629
562 13
562 311
562 412
562 536
562 554
562 570
562 578
562 600
562 605
562 610
562 662
562 685
562 690
564 543
564 574
565 70
565 335
566 127
566 648
567 90
567 551
567 639
567 644
567 704
568 128
568 616
569 356
569 536
569 554
569 561
569 613
569 629
570 13
570 29
570 166
570 279
570 303
570 313
570 389
570 552
570 562
570 581
570 584
570 593
570 642
570 659
570 660
570 662
570 666
570 687
570 773
573 299
573 347
573 492
573 618
573 646
574 159
574 304
574 544
574 564
574 645
574 660
574 668
574 702
575 90
575 336
575 365
575 540
575 581
575 597
575 601
575 620
575 791
577 75
577 273
577 349
577 408
577 411
577 444
577 543
577 590
577 614
577 635
577 654
577 658
577 694
577 772
577 790
578 562
578 591
578 602
578 619
578 672
578 685
579 423
579 536
580 402
580 582
580 608
580 631
580 651
580 663
580 787
581 540
581 570
581 575
581 597
581 638
581 662
582 18
582 19
582 35
582 128
582 231
582 263
582 269
582 299
582 325
582 402
582 476
582 580
582 608
582 631
582 646
582 663
582 741
584 85
584 127
584 151
584 165
584 173
584 176
584 266
584 309
584 350
584 361
584 444
584 487
584 543
584 570
584 593
584 641
584 662
584 663
584 706
586 363
586 411
586 412
586 630
586 632
586 701
587 36
587 552
589 300
589 536
589 552
589 627
589 631
589 653
589 669
589 689
590 90
590 273
590 577
590 625
590 635
591 578
591 592
591 602
591 606
591 619
591 672
592 591
592 791
593 13
593 570
593 584
593 662
594 90
594 97
594 625
594 646
594 667
595 12
595 604
595 663
595 707
596 292
596 443
596 535
596 615
596 633
597 291
597 575
597 581
597 601
597 638
598 3
598 4
598 10
598 11
598 31
598 39
598 72
598 76
598 111
598 125
598 159
598 172
598 275
598 347
600 66
600 290
600 554
600 562
600 605
600 610
600 672
600 685
600 706
601 285
601 313
601 575
601 597
602 13
602 30
602 199
602 552
602 554
602 556
602 578
602 591
602 605
602 632
602 672
602 685
602 690
603 70
603 335
603 408
603 642
603 663
604 541
604 595
604 707
605 13
605 282
605 309
605 395
605 487
605 536
605 554
605 562
605 600
605 602
605 610
605 690
605 746
605 767
606 400
606 555
606 591
606 616
606 626
606 640
606 641
606 648
606 660
607 49
607 536
607 653
607 699
608 18
608 128
608 269
608 363
608 402
608 539
608 580
608 582
608 631
608 663
608 676
608 762
608 781
609 363
609 630
610 554
610 562
610 600
610 605
611 293
611 462
611 686
612 90
612 546
612 667
613 536
613 569
614 273
614 577
614 622
614 635
614 654
614 658
614 667
614 772
615 128
615 535
615 596
616 23
616 296
616 492
616 568
616 606
616 630
616 642
618 299
618 573
618 646
618 691
619 578
619 591
619 620
619 672
620 60
620 285
620 483
620 575
620 591
620 619
620 622
622 45
622 90
622 263
622 309
622 483
622 551
622 614
622 653
622 667
625 590
625 594
626 400
626 545
626 606
626 640
626 648
626 660
627 317
627 552
627 589
627 631
627 637
627 697
629 561
629 569
630 11
630 176
630 275
630 363
630 380
630 408
630 411
630 543
630 586
630 609
630 616
630 643
631 128
631 402
631 552
631 580
631 582
631 589
631 608
631 627
632 13
632 554
632 556
632 586
632 602
632 685
632 690
633 3
633 111
633 118
633 125
633 217
633 290
633 292
633 375
633 386
633 390
633 399
633 406
633 417
633 596
633 648
635 273
635 577
635 590
635 614
637 73
637 627
637 640
637 669
637 697
638 581
638 597
639 567
639 697
639 704
640 113
640 400
640 606
640 626
640 637
640 648
640 660
640 785
640 791
641 584
641 606
641 662
642 29
642 166
642 269
642 363
642 411
642 552
642 570
642 603
642 616
642 659
643 92
643 135
643 160
643 325
643 538
643 630
643 646
643 655
643 666
643 669
643 691
644 159
644 544
644 567
644 645
644 658
644 668
644 782
645 544
645 559
645 574
645 644
645 658
645 668
645 702
646 12
646 29
646 34
646 40
646 75
646 105
646 135
646 166
646 265
646 276
646 299
646 325
646 347
646 356
646 411
646 538
646 573
646 582
646 594
646 618
646 643
646 667
646 691
646 777
648 400
648 449
648 451
648 544
648 545
648 566
648 606
648 626
648 633
648 640
648 660
648 782
651 128
651 231
651 580
653 45
653 49
653 71
653 263
653 266
653 275
653 300
653 309
653 389
653 487
653 536
653 589
653 607
653 622
653 699
654 90
654 273
654 577
654 614
654 667
655 135
655 265
655 643
656 484
656 763
658 127
658 451
658 577
658 614
658 644
658 645
658 660
659 48
659 549
659 552
659 553
659 570
659 642
659 687
660 400
660 536
660 544
660 570
660 574
660 606
660 626
660 640
660 648
660 658
660 668
662 13
662 151
662 311
662 389
662 562
662 570
662 581
662 584
662 593
662 641
662 666
663 70
663 128
663 144
663 176
663 266
663 350
663 361
663 402
663 487
663 580
663 582
663 584
663 595
663 603
663 608
665 179
665 452
666 570
666 643
666 662
666 687
666 690
667 90
667 546
667 594
667 612
667 614
667 622
667 646
667 654
668 304
668 536
668 544
668 545
668 559
668 574
668 644
668 645
668 660
668 782
669 300
669 536
669 589
669 637
669 643
669 689
671 276
671 707
672 296
672 578
672 591
672 600
672 602
672 619
676 557
676 608
685 279
685 562
685 578
685 600
685 602
685 632
686 293
686 611
687 395
687 570
687 659
687 666
687 690
688 265
688 541
688 695
689 300
689 589
689 669
689 699
690 13
690 282
690 358
690 480
690 562
690 602
690 605
690 632
690 666
690 687
691 96
691 135
691 265
691 276
691 299
691 336
691 347
691 538
691 556
691 618
691 643
691 646
694 555
694 577
695 160
695 541
695 688
697 627
697 637
697 639
698 81
698 170
698 171
698 299
698 412
698 492
699 49
699 300
699 536
699 607
699 653
699 689
701 322
701 363
701 586
702 559
702 574
702 645
704 44
704 90
704 113
704 267
704 317
704 330
704 403
704 567
704 639
706 85
706 309
706 338
706 487
706 584
706 600
707 160
707 347
707 541
707 595
707 604
707 671
737 159
737 784
741 128
741 231
741 582
743 12
743 747
743 767
743 783
744 548
744 765
746 13
746 360
746 372
746 605
746 773
747 40
747 160
747 743
747 767
747 783
747 788
748 159
748 791
751 24
751 778
757 160
757 299
757 347
757 783
758 24
758 335
759 300
759 774
761 8
761 90
761 422
761 537
762 608
762 781
763 128
763 342
763 656
764 537
764 548
764 775
764 784
764 785
765 548
765 744
767 605
767 743
767 747
767 783
767 788
769 122
769 159
769 536
769 774
770 24
770 287
770 552
770 776
772 265
772 342
772 577
772 614
772 790
773 570
773 746
774 71
774 159
774 325
774 423
774 536
774 759
774 769
774 783
774 792
775 764
775 785
776 24
776 770
777 154
777 646
778 160
778 751
781 128
781 541
781 608
781 762
782 544
782 545
782 644
782 648
782 668
783 160
783 342
783 347
783 555
783 743
783 747
783 757
783 767
783 774
784 304
784 737
784 764
785 640
785 764
785 775
787 358
787 580
788 747
788 767
790 577
790 772
791 325
791 407
791 575
791 592
791 640
791 748
791 792
792 283
792 325
792 548
792 774
792 791
